#type       avg     std     min      p5     p10     p50     p67     p75     p80     p85     p90     p95     p99    p999   p9999     QPS   target
read      294.4   204.9    74.4   152.8   171.7   278.3   327.6   354.0   372.0   392.7   418.3   459.7   584.3  2027.5  8352.0  30038.4    30000
read      305.3   226.2    74.4   152.1   172.7   290.3   343.0   369.9   388.1   407.7   433.1   473.3   603.7  2259.5  9297.6  30007.6    30010
read      306.7   199.0    80.4   157.1   176.9   293.2   343.8   370.4   388.5   407.9   432.6   472.1   603.3  1992.1  8095.9  30040.8    30020
read      305.8   205.9    86.8   160.0   178.6   291.6   341.4   367.2   384.9   403.6   429.1   468.1   593.8  2197.2  8091.5  30054.9    30030
read      301.9   217.1    80.4   155.6   174.6   285.0   336.0   362.9   381.3   401.7   428.9   470.1   606.7  2069.7  8581.5  30064.9    30040
read      301.9   216.6    74.4   157.9   176.9   284.6   335.4   362.2   380.4   400.4   426.6   467.7   597.1  2109.0  8766.0  30041.2    30050
read      294.7   218.4    74.4   153.1   171.8   275.8   326.9   354.0   372.2   393.2   419.0   460.2   590.0  2214.0  8604.9  30061.8    30060
read      646.1 22198.3    80.4   158.8   178.0   291.6   345.5   374.7   395.2   418.6   448.5   503.3   970.8  6480.8 1576153.9  30097.7    30070
read      324.1   259.2    86.8   159.9   180.4   306.2   357.9   384.3   401.9   423.8   451.9   501.3   700.6  3679.8 10174.5  30085.5    30080
read      308.5   250.5    86.8   157.9   175.5   287.0   339.7   367.6   386.8   407.6   434.1   480.6   641.3  3890.1  8870.4  30158.0    30090
read      309.1   221.8    93.8   161.8   179.0   291.1   343.9   371.5   390.1   410.3   435.0   478.1   620.7  2616.5  8533.0  30056.9    30100
read      301.5   219.7    80.4   159.5   177.1   282.8   333.1   359.9   378.0   398.3   424.4   465.8   614.9  2562.3  8539.6  30196.5    30110
read      301.9   229.7    86.8   158.1   176.3   284.0   334.3   360.6   378.4   398.3   424.5   466.4   614.1  2260.2  8545.7  30129.8    30120
read      307.3   217.1    86.8   156.1   176.0   294.8   344.6   370.1   387.6   406.1   431.6   472.6   602.8  2035.8 10022.5  30169.3    30130
read      303.7   221.1    74.4   147.9   168.7   291.7   342.8   368.6   386.2   404.5   429.8   468.8   597.3  2175.3  8917.5  30044.9    30140
read      297.0   214.7    74.4   155.8   173.8   277.7   330.6   357.9   376.3   397.0   422.9   462.1   589.3  2278.5  8192.3  30184.4    30150
read      302.3   209.9    86.8   156.2   174.8   288.3   339.2   364.8   382.2   401.3   426.5   465.4   586.7  2005.6  8751.1  30071.3    30160
read      303.1   210.8    74.4   152.3   172.7   290.0   340.5   365.8   383.4   402.7   428.6   468.4   597.2  2279.1  8363.3  30212.9    30170
read      308.8   214.9    80.4   153.2   173.8   297.8   348.4   373.2   390.8   410.2   434.6   476.5   611.1  2044.7  9525.0  30251.1    30180
read      306.5   231.9    74.4   156.9   176.2   289.9   339.8   365.1   382.6   402.1   428.3   470.0   624.8  2685.7  9149.4  30159.4    30190
read      547.9 14407.5    80.4   160.3   179.8   305.3   361.1   389.8   409.4   432.3   463.0   515.4   836.1  6424.2 1012986.8  30158.7    30200
read      307.8   314.1    74.4   152.0   170.3   279.8   333.3   361.3   380.6   402.4   431.4   479.5   676.7  4247.8 12746.6  30180.1    30210
read      306.7   227.1    80.4   153.1   171.5   288.6   343.6   372.0   391.7   413.6   440.1   484.2   629.3  2594.9  8859.6  30302.8    30220
read      307.5   219.6    74.4   153.5   172.6   289.8   343.7   371.4   390.7   412.3   438.5   485.4   634.4  2532.3  8542.9  30249.6    30230
read      302.7   215.4    74.4   153.1   172.2   286.3   338.0   364.0   381.8   401.4   427.5   468.6   608.1  2659.6  8353.0  30208.9    30240
read      306.1   219.0    74.4   154.2   174.9   289.8   342.3   368.7   387.2   407.4   434.1   479.7   622.5  2246.2  8555.8  30263.2    30250
read      304.7   248.8    80.4   152.8   172.1   289.2   341.5   367.3   385.2   404.5   430.6   469.8   591.2  2415.3 10304.9  30215.0    30260
read      302.8   220.6    86.8   159.1   176.7   286.0   337.2   362.7   379.9   399.4   425.1   465.5   602.1  2414.1  8653.6  30284.7    30270
read      304.7   224.2    74.4   153.6   173.3   288.8   342.4   368.8   386.8   406.2   432.1   473.3   607.6  2316.6  9360.2  30258.1    30280
read      304.5   215.6    74.4   153.7   173.7   290.6   342.7   368.7   386.8   406.2   431.6   471.2   604.1  1846.4  8991.0  30216.5    30290
read      300.6   223.7    74.4   149.3   169.4   288.9   338.4   363.0   379.7   398.9   424.0   463.2   583.5  2195.3  9655.1  30255.3    30300
read      299.0   207.5    80.4   153.3   172.5   285.3   336.0   361.0   377.8   397.4   422.4   461.0   579.6  2101.0  8504.8  30322.6    30310
read      302.4   230.4    80.4   154.0   173.6   287.1   337.5   363.0   380.5   399.9   425.7   465.4   593.9  2526.3  9173.2  30321.8    30320
read      303.2   206.9    86.8   158.2   176.5   288.4   338.6   364.5   382.5   402.3   428.6   468.8   590.3  2018.5  8511.0  30361.4    30330
read      300.0   209.1    74.4   155.9   175.1   284.0   335.1   360.9   378.5   398.7   424.8   465.6   590.4  2035.0  8556.6  30384.4    30340
read      309.1   208.4    80.4   154.7   174.4   296.3   347.7   373.4   391.7   412.0   436.5   480.2   612.4  2136.3  8646.0  30381.0    30350
read      299.9   205.5    74.4   158.9   177.1   282.5   332.7   358.6   376.4   397.7   424.7   466.8   597.5  2024.0  8240.0  30338.7    30360
read      296.4   223.5    74.4   154.8   174.0   278.6   329.1   354.6   372.2   393.1   418.9   459.9   585.1  2356.1  9469.0  30453.4    30370
read      294.0   213.3    80.4   153.7   171.6   274.8   326.7   353.2   371.1   392.3   418.4   459.8   590.3  2288.2  8239.0  30390.7    30380
read      297.7   212.9    74.4   157.4   175.3   279.8   331.2   357.4   374.8   396.1   422.7   464.4   587.2  2063.3  9037.2  30420.0    30390
read      298.4   220.2    74.4   154.2   173.3   282.3   332.3   358.1   375.5   396.4   422.7   463.5   583.8  2157.2  8669.3  30415.4    30400
read      298.1   224.9    86.8   156.6   175.3   281.7   331.0   356.1   373.2   393.8   419.6   460.8   587.0  2227.3  9436.1  30408.3    30410
read      300.0   220.3    80.4   157.2   175.9   282.7   332.5   358.8   376.7   397.7   424.2   465.8   594.0  2196.9  8893.4  30413.3    30420
read      301.9   210.0    80.4   155.4   175.1   286.7   337.0   362.9   380.6   400.4   426.6   466.8   593.1  2203.4  8592.7  30461.7    30430
read      300.1   228.5    74.4   151.1   171.1   283.3   334.2   361.1   379.4   400.2   427.0   468.6   600.0  2194.6  8671.0  30374.0    30440
read      299.1   225.3    74.4   150.6   170.6   282.6   332.6   359.0   377.3   398.3   425.2   467.9   603.5  2302.2  8584.6  30448.6    30450
read      310.3   214.7    74.4   152.8   174.6   298.4   348.0   373.8   392.0   412.3   436.8   482.9   617.0  2230.8  8465.2  30491.6    30460
read      305.4   201.9    80.4   153.1   174.0   293.0   342.8   368.6   386.6   405.6   431.4   471.8   609.2  1837.5  8082.3  30450.2    30470
read      295.4   212.7    74.4   156.2   174.3   276.2   326.1   352.8   371.3   392.7   419.3   461.5   586.8  2282.8  8512.7  30484.0    30480
read      298.4   192.5    74.4   147.5   167.6   286.7   337.1   363.0   380.5   399.6   425.2   465.9   593.3  1837.2  8065.5  30383.1    30490
read      312.7   212.9    74.4   155.9   175.7   300.1   351.0   376.4   394.3   414.6   439.0   482.4   622.7  2467.4  8330.0  30542.4    30500